-0.043996  0.008342  0.017442  
-0.044768  0.0080097  0.021116  
-0.023316  0.12255  0.0011049  
-0.013687  0.11361  -0.097598  
-0.0051389  0.1424  -0.041014  
-0.021866  0.14105  -0.029413  
-0.18438  -0.00083107  -0.050804  
-0.018662  0.15365  -0.10975  
-0.1585  0.012342  0.086409  
-0.0088441  0.148  0.0047021  
-0.17584  0.00080429  -0.066493  
-0.015687  0.16655  0.090555  
-0.043997  0.008342  0.017442  
-0.044768  0.0080097  0.021116  
-0.023316  0.12255  0.0011049  
-0.013687  0.11361  -0.097598  
-0.0051389  0.1424  -0.041014  
-0.021866  0.14105  -0.029413  
-0.18438  -0.00083107  -0.050804  
-0.018662  0.15365  -0.10975  
-0.1585  0.012342  0.086409  
-0.0088441  0.148  0.0047021  
-0.17584  0.00080429  -0.066493  
-0.015687  0.16655  0.090555  
-5.9503  -6.1232  0  
-6.2834  -5.753  0  
-6.0488  -5.8806  0  
-8.7451  -5.7443  0  
-4.9461  -5.5808  0  
-6.1982  -6.5584  0  
-5.9078  -4.349  0  
-7.8429  -5.6074  0  
-4.3885  -7.4254  0  
-3.8755  -4.4776  0  
-7.4874  -5.4169  0  
-7.6354  -6.2398  0  
-5.8568  -6.0914  0  
-6.2834  -5.753  0  
-6.0488  -5.8806  0  
-8.7451  -5.7443  0  
-4.9461  -5.5808  0  
-6.1982  -6.5584  0  
-5.9078  -4.349  0  
-7.8429  -5.6074  0  
-4.3885  -7.4254  0  
-3.8755  -4.4776  0  
-7.4874  -5.4169  0  
-7.6354  -6.2398  0  
0  0  0  
1.5  0  0  
3  0  0  
4.5  0  0  
6  0  0  
7.5  0  0  
9  0  0  
10.5  0  0  
12  0  0  
0  1.5  0  
1.5  1.5  0  
3  1.5  0  
4.5  1.5  0  
6  1.5  0  
7.5  1.5  0  
9  1.5  0  
10.5  1.5  0  
12  1.5  0  
0  3  0  
1.5  3  0  
3  3  0  
4.5  3  0  
6  3  0  
7.5  3  0  
9  3  0  
10.5  3  0  
12  3  0  
0  4.5  0  
1.5  4.5  0  
3  4.5  0  
4.5  4.5  0  
6  4.5  0  
7.5  4.5  0  
9  4.5  0  
10.5  4.5  0  
12  4.5  0  
0  6  0  
1.5  6  0  
3  6  0  
4.5  6  0  
6  6  0  
7.5  6  0  
9  6  0  
10.5  6  0  
12  6  0  
0  7.5  0  
1.5  7.5  0  
3  7.5  0  
4.5  7.5  0  
6  7.5  0  
7.5  7.5  0  
9  7.5  0  
10.5  7.5  0  
12  7.5  0  
0  9  0  
1.5  9  0  
3  9  0  
4.5  9  0  
6  9  0  
7.5  9  0  
9  9  0  
10.5  9  0  
12  9  0  
0  10.5  0  
1.5  10.5  0  
3  10.5  0  
4.5  10.5  0  
6  10.5  0  
7.5  10.5  0  
9  10.5  0  
10.5  10.5  0  
12  10.5  0  
0  12  0  
1.5  12  0  
3  12  0  
4.5  12  0  
6  12  0  
7.5  12  0  
9  12  0  
10.5  12  0  
12  12  0  
86.394885370386 0 0
86.303905376898 0 0
1224.000000000000 0 0
1024.000000000000 0 0
0.000000000000 0 0
0.000000000000 0 0
0.000000000000 0 0
0.000000000000 0 0
0.000000000000 0 0
