-0.02623  0.020373  0.017256  
-0.024417  0.016651  0.020911  
0.016022  0.12452  0.001036  
-0.010308  0.11754  -0.097582  
-0.0017115  0.14309  -0.040967  
-0.023053  0.14245  -0.029301  
-0.18325  0.0042305  -0.050576  
0.010936  0.15447  -0.10971  
-0.15693  -0.007473  0.086569  
-0.015045  0.14879  0.0047949  
-0.17518  0.0085207  -0.066286  
0.010888  0.16623  0.090576  
-0.025893  0.01989  0.01725  
-0.024417  0.016651  0.020911  
0.016022  0.12452  0.001036  
-0.010308  0.11754  -0.097582  
-0.0017115  0.14309  -0.040967  
-0.023053  0.14245  -0.029301  
-0.18325  0.0042305  -0.050576  
0.010936  0.15447  -0.10971  
-0.15693  -0.007473  0.086569  
-0.015045  0.14879  0.0047949  
-0.17518  0.0085207  -0.066286  
0.010888  0.16623  0.090576  
-5.8198  -6.1521  0  
-6.1528  -5.782  0  
-5.9193  -5.9094  0  
-8.6129  -5.7731  0  
-4.8177  -5.609  0  
-6.0686  -6.5872  0  
-5.7768  -4.3788  0  
-7.7115  -5.6359  0  
-4.2597  -7.4564  0  
-3.7486  -4.5064  0  
-7.3557  -5.4468  0  
-7.5054  -6.2693  0  
-5.7265  -6.1204  0  
-6.1528  -5.782  0  
-5.9193  -5.9094  0  
-8.6129  -5.7731  0  
-4.8177  -5.609  0  
-6.0686  -6.5872  0  
-5.7768  -4.3788  0  
-7.7115  -5.6359  0  
-4.2597  -7.4564  0  
-3.7486  -4.5064  0  
-7.3557  -5.4468  0  
-7.5054  -6.2693  0  
0.0079361  0.0010971  0.0099404  
1.5054  0.00035208  0.00053676  
3.0039  7.6219e-05  -0.0091368  
4.5021  0.00010764  -0.021649  
6.003  0.00023137  -0.030263  
7.503  -0.00019529  -0.040246  
9.0041  0.001251  -0.049562  
10.503  0.0023284  -0.056177  
12.002  0.0042118  -0.064629  
0.0050528  1.4996  0.01826  
1.5037  1.4995  0.008926  
3.0017  1.4987  -0.0013673  
4.5017  1.4983  -0.013415  
6.0017  1.498  -0.020757  
7.5035  1.4996  -0.03143  
9.0029  1.5005  -0.039091  
10.503  1.5014  -0.045264  
12.002  1.5027  -0.052262  
0.0051079  2.9976  0.024411  
1.5025  2.9974  0.0123  
3.0013  2.9975  0.0047799  
4.4999  2.9984  -0.0050337  
6.0014  2.9992  -0.014508  
7.5029  2.9996  -0.021792  
9.0027  2.9994  -0.03381  
10.502  3.0015  -0.038562  
12.002  3.0029  -0.046247  
0.0037168  4.4973  0.033031  
1.502  4.4973  0.022374  
3.0003  4.4974  0.010469  
4.5003  4.4989  0.00030786  
6.001  4.4997  -0.0069828  
7.5023  4.5003  -0.018457  
9.0027  4.5005  -0.023678  
10.503  4.502  -0.030269  
12.003  4.5029  -0.040218  
0.0022977  5.9984  0.042681  
1.5011  5.9984  0.030159  
3.0004  5.9995  0.019293  
4.5003  6.0002  0.011012  
6.0009  6.0003  0.001216  
7.5015  6.0013  -0.006676  
9.0019  6.0023  -0.015778  
10.503  6.003  -0.02678  
12.002  6.0036  -0.031086  
0.0022491  7.4985  0.04692  
1.5  7.4995  0.039907  
3.0004  7.5005  0.027479  
4.5006  7.5018  0.017076  
5.9999  7.5016  0.010073  
7.5009  7.5025  -6.8679e-05  
9.0019  7.5029  -0.0085702  
10.502  7.5041  -0.016071  
12.002  7.5041  -0.026815  
0.0021902  8.9979  0.056969  
1.5014  9.0003  0.04203  
3.001  9.0011  0.036584  
4.4999  9.002  0.023342  
6  9.0027  0.0171  
7.501  9.0028  0.0082087  
9.0013  9.004  -0.0020612  
10.502  9.0046  -0.01094  
12.001  9.0041  -0.018135  
0.0034199  10.498  0.060462  
1.5015  10.499  0.052195  
3.0009  10.5  0.043437  
4.4992  10.502  0.033398  
6.0008  10.503  0.020774  
7.5005  10.504  0.015127  
9.0004  10.504  0.0059486  
10.501  10.504  -0.0020157  
12  10.503  -0.011277  
0.0048349  11.996  0.066972  
1.5038  11.998  0.059547  
3.0015  11.999  0.051601  
4.5003  12.001  0.041314  
6.0004  12.002  0.030752  
7.4993  12.002  0.022776  
9  12.003  0.012207  
10.5  12.002  0.0073811  
11.998  12.002  -0.0022353  
86.417605089499 0 0
86.305136169803 0 0
1213.007982953296 0 0
1026.646736309053 0 0
-0.000001599704 0 0
-0.000000062353 0 0
0.000000000000 0 0
0.000000000000 0 0
0.000000000208 0 0
