-0.0791  0.016883  0.00068799  
-0.067168  0.020334  0.00070727  
-0.027459  0.048941  0.00070651  
-0.012483  0.10696  0.00070947  
-0.0087278  0.15694  0.00069259  
-0.0065067  0.20444  0.00072319  
-0.005296  0.2504  0.0007021  
-0.067168  0.020334  0.00070727  
-0.027459  0.048941  0.00070651  
-0.012483  0.10696  0.00070947  
-0.0087278  0.15694  0.00069259  
-0.0065067  0.20444  0.00072319  
-0.005296  0.2504  0.0007021  
-0.090075  0.014883  0.00068202  
-0.11946  0.011196  0.00068133  
-0.15756  0.0061586  0.00025828  
-0.19147  0.0070726  0.00067877  
-0.23136  0.0057235  0.0006615  
-0.27588  0.0032993  0.00023844  
-0.090075  0.014883  0.00068202  
-0.11946  0.011196  0.00068133  
-0.15756  0.0061586  0.00025828  
-0.19147  0.0070726  0.00067877  
-0.23136  0.0057235  0.0006615  
-0.27588  0.0032993  0.00023844  
-7.9002  -6.9975  0  
-7.892  -6.9975  0  
-7.8688  -6.9976  0  
-7.8291  -6.9977  0  
-7.7744  -6.9973  0  
-7.7042  -6.9977  0  
-7.6189  -6.9974  0  
-7.892  -6.9975  0  
-7.8688  -6.9976  0  
-7.8291  -6.9977  0  
-7.7744  -6.9973  0  
-7.7042  -6.9977  0  
-7.6189  -6.9974  0  
-7.9002  -6.9918  0  
-7.9001  -6.9735  0  
-7.9048  -6.9425  0  
-7.9003  -6.9067  0  
-7.9007  -6.8567  0  
-7.9052  -6.791  0  
-7.9002  -6.9918  0  
-7.9001  -6.9735  0  
-7.9048  -6.9425  0  
-7.9003  -6.9067  0  
-7.9007  -6.8567  0  
-7.9052  -6.791  0  
0  0  0  
1.5  0  0  
3  0  0  
4.5  0  0  
6  0  0  
7.5  0  0  
9  0  0  
10.5  0  0  
12  0  0  
13.5  0  0  
15  0  0  
16.5  0  0  
0  1.5  0  
1.5  1.5  0  
3  1.5  0  
4.5  1.5  0  
6  1.5  0  
7.5  1.5  0  
9  1.5  0  
10.5  1.5  0  
12  1.5  0  
13.5  1.5  0  
15  1.5  0  
16.5  1.5  0  
0  3  0  
1.5  3  0  
3  3  0  
4.5  3  0  
6  3  0  
7.5  3  0  
9  3  0  
10.5  3  0  
12  3  0  
13.5  3  0  
15  3  0  
16.5  3  0  
0  4.5  0  
1.5  4.5  0  
3  4.5  0  
4.5  4.5  0  
6  4.5  0  
7.5  4.5  0  
9  4.5  0  
10.5  4.5  0  
12  4.5  0  
13.5  4.5  0  
15  4.5  0  
16.5  4.5  0  
0  6  0  
1.5  6  0  
3  6  0  
4.5  6  0  
6  6  0  
7.5  6  0  
9  6  0  
10.5  6  0  
12  6  0  
13.5  6  0  
15  6  0  
16.5  6  0  
0  7.5  0  
1.5  7.5  0  
3  7.5  0  
4.5  7.5  0  
6  7.5  0  
7.5  7.5  0  
9  7.5  0  
10.5  7.5  0  
12  7.5  0  
13.5  7.5  0  
15  7.5  0  
16.5  7.5  0  
0  9  0  
1.5  9  0  
3  9  0  
4.5  9  0  
6  9  0  
7.5  9  0  
9  9  0  
10.5  9  0  
12  9  0  
13.5  9  0  
15  9  0  
16.5  9  0  
0  10.5  0  
1.5  10.5  0  
3  10.5  0  
4.5  10.5  0  
6  10.5  0  
7.5  10.5  0  
9  10.5  0  
10.5  10.5  0  
12  10.5  0  
13.5  10.5  0  
15  10.5  0  
16.5  10.5  0  
0  12  0  
1.5  12  0  
3  12  0  
4.5  12  0  
6  12  0  
7.5  12  0  
9  12  0  
10.5  12  0  
12  12  0  
13.5  12  0  
15  12  0  
16.5  12  0  
25.746818214320 0 0
25.676929725901 0 0
1224.000000000000 0 0
1024.000000000000 0 0
0.000000000000 0 0
0.000000000000 0 0
0.000000000000 0 0
0.000000000000 0 0
0.000000000000 0 0
