-0.0055874  -0.0048775  0.0024769  
6.1261e-05  0.043526  0.0024925  
0.00030899  0.087249  0.0024826  
0.00026779  0.13133  0.0024709  
-1.3187e-06  0.17463  0.0024336  
0.00017338  0.21824  0.0024381  
0.0001608  0.26179  0.0023846  
6.1261e-05  0.043526  0.0024925  
0.00030899  0.087249  0.0024826  
0.00026779  0.13133  0.0024709  
-1.3187e-06  0.17463  0.0024336  
0.00017338  0.21824  0.0024381  
0.0001608  0.26179  0.0023846  
-0.043953  -0.0007312  0.0024721  
-0.090633  -0.00033975  0.0024798  
-0.13169  -0.00020018  0.002476  
-0.17526  -3.2222e-05  0.0025058  
-0.21816  -0.00012763  0.0025102  
-0.2623  -1.3098e-05  0.002528  
-0.043953  -0.0007312  0.0024721  
-0.090633  -0.00033975  0.0024798  
-0.13169  -0.00020018  0.002476  
-0.17526  -3.2222e-05  0.0025058  
-0.21816  -0.00012763  0.0025102  
-0.2623  -1.3098e-05  0.002528  
-16.165  -63.935  0  
-16.157  -63.935  0  
-16.133  -63.935  0  
-16.094  -63.935  0  
-16.039  -63.934  0  
-15.969  -63.934  0  
-15.884  -63.934  0  
-16.157  -63.935  0  
-16.133  -63.935  0  
-16.094  -63.935  0  
-16.039  -63.934  0  
-15.969  -63.934  0  
-15.884  -63.934  0  
-16.165  -63.929  0  
-16.165  -63.911  0  
-16.165  -63.883  0  
-16.165  -63.844  0  
-16.165  -63.793  0  
-16.165  -63.731  0  
-16.165  -63.929  0  
-16.165  -63.911  0  
-16.165  -63.883  0  
-16.165  -63.844  0  
-16.165  -63.793  0  
-16.165  -63.731  0  
0.0063613  -0.016197  0.002326  
1.5  -0.011761  0.0012615  
2.9948  -0.0078748  0.002187  
4.4882  -0.0043959  0.0013851  
5.9834  -0.0015635  -0.00020273  
7.4754  -1.8684e-05  0.0059813  
8.9704  0.0012376  0.0045616  
10.462  0.0019597  0.0046535  
11.955  0.0017773  0.0035695  
13.447  0.0013009  0.0017775  
14.938  0.00032606  0.0036268  
16.429  -0.00078397  -0.0020472  
0.0042335  1.4789  -0.0023599  
1.5001  1.4835  0.0009707  
2.9964  1.4882  -0.0033378  
4.4909  1.4914  -0.00043842  
5.9868  1.4942  0.00021926  
7.481  1.4959  0.0015098  
8.9777  1.4969  0.0010475  
10.471  1.4977  0.0022279  
11.965  1.4972  0.0034826  
13.459  1.4967  -0.00083445  
14.951  1.4953  -0.002813  
16.444  1.494  -0.011982  
0.0028392  2.9772  -0.0046683  
1.4994  2.9815  0.00087304  
2.9978  2.9864  -0.0015481  
4.4949  2.9895  0.0013361  
5.9909  2.9928  -0.00049581  
7.4871  2.9944  -0.0014927  
8.9845  2.9958  0.00071383  
10.479  2.9954  0.0027055  
11.975  2.9955  0.0017394  
13.469  2.994  1.0382e-06  
14.965  2.9931  -0.0053075  
16.457  2.9906  -0.0044142  
0.00142  4.4775  0.00010956  
1.5002  4.483  -0.0041243  
2.9982  4.4873  8.8104e-05  
4.4981  4.491  -0.0022723  
5.9951  4.4938  -0.00057052  
7.4939  4.4958  -0.0023795  
8.9917  4.4966  -0.00021106  
10.487  4.4966  0.0022913  
11.986  4.4964  -0.0028501  
13.48  4.4947  0.0012914  
14.977  4.493  -0.00121  
16.471  4.4907  -0.0031879  
0.0012617  5.9811  -0.010789  
1.4999  5.9857  -0.0018174  
3.0004  5.9907  -0.0021535  
4.5015  5.9945  -0.010337  
5.9988  5.9962  0.0014851  
7.5001  5.999  -0.0059273  
8.9984  5.9995  -0.0025906  
10.495  5.999  0.0057558  
11.996  5.999  -0.005499  
13.493  5.9977  -0.0067641  
14.989  5.9953  0.0009283  
16.486  5.9931  -0.0063991  
-0.0019129  7.4865  0.0018467  
1.4993  7.4914  0.0070186  
3.0014  7.4965  -0.00059908  
4.5019  7.5002  0.00055662  
6.0036  7.5027  0.0040606  
7.5056  7.5048  -0.00020256  
9.0052  7.5052  0.0035552  
10.504  7.5049  0.0076481  
12.005  7.5045  0.00068132  
13.504  7.5031  -0.00043712  
15  7.5003  0.0057964  
16.499  7.498  -0.0031449  
-0.0023319  8.994  0.0021843  
1.5015  8.9999  -0.0032376  
3.0031  9.0038  0.0043595  
4.5047  9.0077  0.0041177  
6.0081  9.0102  0.0038799  
7.5117  9.0124  -0.001145  
9.0118  9.0126  0.0041548  
10.511  9.012  0.010199  
12.014  9.012  0.00042964  
13.514  9.0103  0.0011439  
15.013  9.0076  0.00348  
16.511  9.0043  0.0044067  
-0.0019467  10.506  -0.0084005  
1.5005  10.511  7.4167e-05  
3.0041  10.515  0.00056084  
4.5088  10.518  0.0005759  
6.0134  10.521  -0.0012349  
7.5184  10.524  -0.0053268  
9.0184  10.524  0.0018815  
10.52  10.523  0.0082027  
12.023  10.522  0.00050139  
13.526  10.52  -0.0018397  
15.026  10.518  -0.0043297  
16.525  10.514  0.00050458  
-0.0043612  12.017  -0.00035124  
1.5009  12.023  0.0048288  
3.0072  12.027  0.0010598  
4.5128  12.031  -0.00031718  
6.0181  12.034  -0.0040933  
7.5236  12.036  -0.0022136  
9.0255  12.036  0.00060723  
10.529  12.035  0.0054025  
12.032  12.034  0.0030946  
13.536  12.032  -0.0060254  
15.038  12.03  -0.0014562  
16.54  12.026  -0.0024873  
26.144896498844 0 0
26.560555781244 0 0
1437.291828905521 0 0
2514.872907404344 0 0
-0.000004550453 0 0
0.000000000173 0 0
0.000000000000 0 0
0.000000000000 0 0
0.000000000000 0 0
