-0.044744  9.6122e-06  -1.2629e-06  
-0.008637  6.2216e-05  -1.0502e-06  
-3.9428e-05  0.075067  -1.5505e-06  
-8.1481e-06  0.12339  -7.5965e-07  
-7.9559e-06  0.16892  -8.2624e-08  
-5.6303e-06  0.21367  -5.4347e-07  
-3.5332e-06  0.25807  -8.6488e-07  
-0.008637  6.2216e-05  -1.0502e-06  
-3.9428e-05  0.075067  -1.5505e-06  
-8.1481e-06  0.12339  -7.5965e-07  
-7.9559e-06  0.16892  -8.2624e-08  
-5.6303e-06  0.21367  -5.4347e-07  
-3.5332e-06  0.25807  -8.6488e-07  
-0.062101  2.3012e-05  -2.2754e-07  
-0.098524  4.4432e-05  -4.6775e-06  
-0.13849  6.4831e-06  -2.868e-07  
-0.18013  2.1205e-07  -1.4869e-06  
-0.22262  7.048e-06  -2.1122e-06  
-0.26554  4.5367e-06  9.8198e-08  
-0.062101  2.3012e-05  -2.2754e-07  
-0.098524  4.4432e-05  -4.6775e-06  
-0.13849  6.4831e-06  -2.868e-07  
-0.18013  2.1205e-07  -1.4869e-06  
-0.22262  7.048e-06  -2.1122e-06  
-0.26554  4.5367e-06  9.8198e-08  
-9.1177  -7.0996  0  
-9.1097  -7.0996  0  
-9.0863  -7.0996  0  
-9.0468  -7.0996  0  
-8.9921  -7.0996  0  
-8.9219  -7.0996  0  
-8.8364  -7.0996  0  
-9.1097  -7.0996  0  
-9.0863  -7.0996  0  
-9.0468  -7.0996  0  
-8.9921  -7.0996  0  
-8.9219  -7.0996  0  
-8.8364  -7.0996  0  
-9.1177  -7.0942  0  
-9.1178  -7.0768  0  
-9.1177  -7.0482  0  
-9.1177  -7.0086  0  
-9.1178  -6.9576  0  
-9.1177  -6.8953  0  
-9.1177  -7.0942  0  
-9.1178  -7.0768  0  
-9.1177  -7.0482  0  
-9.1177  -7.0086  0  
-9.1178  -6.9576  0  
-9.1177  -6.8953  0  
0  0  0  
1.5  0  0  
3  0  0  
4.5  0  0  
6  0  0  
7.5  0  0  
9  0  0  
10.5  0  0  
12  0  0  
13.5  0  0  
15  0  0  
16.5  0  0  
0  1.5  0  
1.5  1.5  0  
3  1.5  0  
4.5  1.5  0  
6  1.5  0  
7.5  1.5  0  
9  1.5  0  
10.5  1.5  0  
12  1.5  0  
13.5  1.5  0  
15  1.5  0  
16.5  1.5  0  
0  3  0  
1.5  3  0  
3  3  0  
4.5  3  0  
6  3  0  
7.5  3  0  
9  3  0  
10.5  3  0  
12  3  0  
13.5  3  0  
15  3  0  
16.5  3  0  
0  4.5  0  
1.5  4.5  0  
3  4.5  0  
4.5  4.5  0  
6  4.5  0  
7.5  4.5  0  
9  4.5  0  
10.5  4.5  0  
12  4.5  0  
13.5  4.5  0  
15  4.5  0  
16.5  4.5  0  
0  6  0  
1.5  6  0  
3  6  0  
4.5  6  0  
6  6  0  
7.5  6  0  
9  6  0  
10.5  6  0  
12  6  0  
13.5  6  0  
15  6  0  
16.5  6  0  
0  7.5  0  
1.5  7.5  0  
3  7.5  0  
4.5  7.5  0  
6  7.5  0  
7.5  7.5  0  
9  7.5  0  
10.5  7.5  0  
12  7.5  0  
13.5  7.5  0  
15  7.5  0  
16.5  7.5  0  
0  9  0  
1.5  9  0  
3  9  0  
4.5  9  0  
6  9  0  
7.5  9  0  
9  9  0  
10.5  9  0  
12  9  0  
13.5  9  0  
15  9  0  
16.5  9  0  
0  10.5  0  
1.5  10.5  0  
3  10.5  0  
4.5  10.5  0  
6  10.5  0  
7.5  10.5  0  
9  10.5  0  
10.5  10.5  0  
12  10.5  0  
13.5  10.5  0  
15  10.5  0  
16.5  10.5  0  
0  12  0  
1.5  12  0  
3  12  0  
4.5  12  0  
6  12  0  
7.5  12  0  
9  12  0  
10.5  12  0  
12  12  0  
13.5  12  0  
15  12  0  
16.5  12  0  
86.458022076324 0 0
86.371513655351 0 0
1224.000000000000 0 0
1024.000000000000 0 0
0.000000000000 0 0
0.000000000000 0 0
0.000000000000 0 0
0.000000000000 0 0
0.000000000000 0 0
