0.0021243  0.0016775  -2.4175e-06  
0.00012755  0.043892  -2.5148e-06  
2.0743e-05  0.087361  -3.0657e-06  
2.5202e-05  0.13122  -2.354e-06  
2.8884e-05  0.1747  -1.7893e-06  
1.8846e-05  0.21824  -2.3855e-06  
3.8447e-06  0.26185  -2.8469e-06  
0.00012755  0.043892  -2.5148e-06  
2.0743e-05  0.087361  -3.0657e-06  
2.5202e-05  0.13122  -2.354e-06  
2.8884e-05  0.1747  -1.7893e-06  
1.8846e-05  0.21824  -2.3855e-06  
3.8447e-06  0.26185  -2.8469e-06  
-0.043068  -8.0159e-05  -1.6229e-06  
-0.087807  -0.00010412  -6.0156e-06  
-0.13111  -2.696e-05  -1.5568e-06  
-0.17455  -2.2648e-05  -2.6445e-06  
-0.21816  -2.374e-05  -3.1039e-06  
-0.26184  -6.5364e-06  -7.3637e-07  
-0.043068  -8.0159e-05  -1.6229e-06  
-0.087807  -0.00010412  -6.0156e-06  
-0.13111  -2.696e-05  -1.5568e-06  
-0.17455  -2.2648e-05  -2.6445e-06  
-0.21816  -2.374e-05  -3.1039e-06  
-0.26184  -6.5364e-06  -7.3637e-07  
-11.901  -11.713  0  
-11.893  -11.713  0  
-11.869  -11.713  0  
-11.83  -11.713  0  
-11.775  -11.713  0  
-11.705  -11.713  0  
-11.619  -11.713  0  
-11.893  -11.713  0  
-11.869  -11.713  0  
-11.83  -11.713  0  
-11.775  -11.713  0  
-11.705  -11.713  0  
-11.619  -11.713  0  
-11.901  -11.707  0  
-11.901  -11.69  0  
-11.901  -11.661  0  
-11.901  -11.622  0  
-11.901  -11.57  0  
-11.901  -11.508  0  
-11.901  -11.707  0  
-11.901  -11.69  0  
-11.901  -11.661  0  
-11.901  -11.622  0  
-11.901  -11.57  0  
-11.901  -11.508  0  
-0.0018535  -0.001781  -0.0020827  
1.4987  -0.001334  -0.0010739  
2.9995  -0.00080934  -0.0020928  
4.4998  -0.00040193  -0.0020947  
5.9997  -0.00024796  -0.00070033  
7.5001  6.2216e-06  -0.0022258  
8.9999  6.2213e-05  -0.0011869  
10.5  0.00016711  -0.0017983  
12  0.00013073  -0.0012395  
13.5  0.00020793  -0.0022861  
15  7.4103e-05  -0.0011937  
16.5  -4.835e-05  -0.0018699  
-0.0014459  1.4985  0.0003737  
1.499  1.4988  0.0020163  
2.9998  1.4992  0.0012728  
4.4998  1.4995  0.00065166  
5.9997  1.4996  0.0019922  
7.5001  1.4998  0.00071386  
8.9999  1.4997  0.0018761  
10.5  1.4998  0.00092116  
12  1.4998  0.0013706  
13.5  1.4999  0.00073567  
15  1.4997  0.0018352  
16.5  1.4997  0.00086606  
-0.00097721  2.9992  1.2031e-05  
1.4994  2.9995  0.0011319  
3  2.9998  0.00018153  
4.5001  3  -0.00020849  
5.9998  3  0.0013329  
7.5001  3.0001  -2.7096e-05  
8.9999  3.0001  0.00072139  
10.5  3.0001  0.00032515  
12  3.0001  0.00075261  
13.5  3.0002  -0.00018453  
15  3.0001  0.0010421  
16.5  3.0001  0.00018821  
-0.00050764  4.5  -0.0006766  
1.4997  4.5001  0.00078103  
3.0003  4.5003  7.1473e-05  
4.5002  4.5004  -0.00057242  
5.9999  4.5003  0.00091493  
7.5002  4.5004  -0.00070431  
9  4.5003  0.00087509  
10.5  4.5003  -0.00014548  
12  4.5003  8.4105e-05  
13.5  4.5004  -0.00023957  
15  4.5003  0.00067395  
16.5  4.5004  -0.00026659  
-0.00039941  5.9994  0.00081965  
1.4998  5.9995  0.0019828  
3.0002  5.9996  0.0010205  
4.5002  5.9998  0.00053764  
5.9997  5.9996  0.0021663  
7.5001  5.9996  0.00056033  
8.9998  5.9996  0.0016791  
10.5  5.9996  0.0011141  
12  5.9995  0.0013866  
13.5  5.9996  0.00062685  
15  5.9996  0.0018085  
16.5  5.9996  0.00084981  
-9.3494e-05  7.5002  -0.00097183  
1.5  7.5002  0.00010549  
3.0004  7.5003  -0.00083875  
4.5002  7.5004  -0.00098371  
5.9999  7.5002  0.00013914  
7.5001  7.5002  -0.0013431  
8.9998  7.5001  0.00040667  
10.5  7.5002  -0.0010973  
12  7.5  -0.00046864  
13.5  7.5001  -0.00075252  
15  7.5002  -0.00028734  
16.5  7.5002  -0.00090197  
6.2287e-06  9.0003  -0.0010985  
1.5001  9.0003  -0.00025045  
3.0004  9.0004  -0.0009771  
4.5002  9.0004  -0.0012666  
5.9998  9.0003  -4.1551e-05  
7.5  9.0003  -0.0013056  
8.9998  9.0003  -0.0002245  
10.5  9.0003  -0.0012249  
12  9.0002  -0.00051627  
13.5  9.0003  -0.001291  
15  9.0002  -0.0002063  
16.5  9.0003  -0.0012563  
-4.856e-05  10.5  -0.00016172  
1.5  10.5  0.0010417  
3.0003  10.5  2.2239e-05  
4.5001  10.5  -0.00027772  
5.9997  10.5  0.0011041  
7.4999  10.5  -0.00022186  
8.9996  10.5  0.00098674  
10.5  10.5  -0.00010301  
12  10.5  0.00078604  
13.5  10.5  -0.00018895  
15  10.5  0.0004576  
16.5  10.5  0.00017077  
3.7859e-05  12  -0.00069205  
1.5  12  0.00049962  
3.0003  12  -0.00033925  
4.5001  12  -0.00070607  
5.9997  12  0.00067851  
7.5  12  -0.00064734  
8.9998  12  0.00029316  
10.5  12  -0.00058157  
12  12  0.0001717  
13.5  12  -0.00087462  
15  12  0.00029661  
16.5  12  -0.00045806  
86.453695207307 0 0
86.366323215945 0 0
1464.607244989226 0 0
1421.815636646812 0 0
0.000001775305 0 0
-0.000000012308 0 0
0.000000000000 0 0
0.000000000000 0 0
0.000000000016 0 0
