-0.067612  0.020142  0.00068806  
-0.053722  0.025337  0.00069013  
-0.02168  0.06271  0.00069017  
-0.011813  0.11489  0.00069243  
-0.0083283  0.16262  0.00069627  
-0.0064416  0.20868  0.0006984  
-0.0052594  0.25395  0.000701  
-0.053722  0.025337  0.00069013  
-0.02168  0.06271  0.00069017  
-0.011813  0.11489  0.00069243  
-0.0083283  0.16262  0.00069627  
-0.0064416  0.20868  0.0006984  
-0.0052594  0.25395  0.000701  
-0.079331  0.017202  0.00068921  
-0.10964  0.012461  0.0006861  
-0.1464  0.0093507  0.00068302  
-0.18628  0.007356  0.000682  
-0.22758  0.0060264  0.00067833  
-0.26969  0.0050885  0.00067667  
-0.079331  0.017202  0.00068921  
-0.10964  0.012461  0.0006861  
-0.1464  0.0093507  0.00068302  
-0.18628  0.007356  0.000682  
-0.22758  0.0060264  0.00067833  
-0.26969  0.0050885  0.00067667  
-6.0729  -4.7185  0  
-6.0675  -4.7185  0  
-6.052  -4.7185  0  
-6.0256  -4.7185  0  
-5.9891  -4.7185  0  
-5.9423  -4.7185  0  
-5.8853  -4.7186  0  
-6.0675  -4.7185  0  
-6.052  -4.7185  0  
-6.0256  -4.7185  0  
-5.9891  -4.7185  0  
-5.9423  -4.7185  0  
-5.8853  -4.7186  0  
-6.0729  -4.7149  0  
-6.0729  -4.7034  0  
-6.0729  -4.6844  0  
-6.0729  -4.6581  0  
-6.073  -4.6243  0  
-6.073  -4.583  0  
-6.0729  -4.7149  0  
-6.0729  -4.7034  0  
-6.0729  -4.6844  0  
-6.0729  -4.6581  0  
-6.073  -4.6243  0  
-6.073  -4.583  0  
0  0  0  
1  0  0  
2  0  0  
3  0  0  
4  0  0  
5  0  0  
6  0  0  
7  0  0  
8  0  0  
9  0  0  
10  0  0  
11  0  0  
0  1  0  
1  1  0  
2  1  0  
3  1  0  
4  1  0  
5  1  0  
6  1  0  
7  1  0  
8  1  0  
9  1  0  
10  1  0  
11  1  0  
0  2  0  
1  2  0  
2  2  0  
3  2  0  
4  2  0  
5  2  0  
6  2  0  
7  2  0  
8  2  0  
9  2  0  
10  2  0  
11  2  0  
0  3  0  
1  3  0  
2  3  0  
3  3  0  
4  3  0  
5  3  0  
6  3  0  
7  3  0  
8  3  0  
9  3  0  
10  3  0  
11  3  0  
0  4  0  
1  4  0  
2  4  0  
3  4  0  
4  4  0  
5  4  0  
6  4  0  
7  4  0  
8  4  0  
9  4  0  
10  4  0  
11  4  0  
0  5  0  
1  5  0  
2  5  0  
3  5  0  
4  5  0  
5  5  0  
6  5  0  
7  5  0  
8  5  0  
9  5  0  
10  5  0  
11  5  0  
0  6  0  
1  6  0  
2  6  0  
3  6  0  
4  6  0  
5  6  0  
6  6  0  
7  6  0  
8  6  0  
9  6  0  
10  6  0  
11  6  0  
0  7  0  
1  7  0  
2  7  0  
3  7  0  
4  7  0  
5  7  0  
6  7  0  
7  7  0  
8  7  0  
9  7  0  
10  7  0  
11  7  0  
0  8  0  
1  8  0  
2  8  0  
3  8  0  
4  8  0  
5  8  0  
6  8  0  
7  8  0  
8  8  0  
9  8  0  
10  8  0  
11  8  0  
129.494303686146 0 0
129.239855210141 0 0
1224.000000000000 0 0
1024.000000000000 0 0
0.000000000000 0 0
0.000000000000 0 0
0.000000000000 0 0
0.000000000000 0 0
0.000000000000 0 0
