0.0022907  -9.8138e-05  0.00016864  
-1.821e-05  0.043823  0.00017059  
-2.5181e-05  0.087309  0.00017012  
-5.0203e-05  0.13119  0.00017229  
-7.6256e-05  0.17468  0.00017606  
-7.1258e-05  0.21821  0.00017811  
-8.4192e-05  0.26181  0.00018049  
-1.821e-05  0.043823  0.00017059  
-2.5181e-05  0.087309  0.00017012  
-5.0203e-05  0.13119  0.00017229  
-7.6256e-05  0.17468  0.00017606  
-7.1258e-05  0.21821  0.00017811  
-8.4192e-05  0.26181  0.00018049  
-0.042907  7.3646e-05  0.00017006  
-0.087854  3.4652e-05  0.00016751  
-0.13119  2.4405e-05  0.0001654  
-0.17473  5.8032e-06  0.00016576  
-0.21833  -8.8655e-06  0.00016389  
-0.26201  -2.3018e-05  0.00016453  
-0.042907  7.3646e-05  0.00017006  
-0.087854  3.4652e-05  0.00016751  
-0.13119  2.4405e-05  0.0001654  
-0.17473  5.8032e-06  0.00016576  
-0.21833  -8.8655e-06  0.00016389  
-0.26201  -2.3018e-05  0.00016453  
-6.0763  -4.7288  0  
-6.0709  -4.7288  0  
-6.0553  -4.7288  0  
-6.029  -4.7288  0  
-5.9925  -4.7288  0  
-5.9456  -4.7288  0  
-5.8886  -4.7288  0  
-6.0709  -4.7288  0  
-6.0553  -4.7288  0  
-6.029  -4.7288  0  
-5.9925  -4.7288  0  
-5.9456  -4.7288  0  
-5.8886  -4.7288  0  
-6.0763  -4.7252  0  
-6.0763  -4.7135  0  
-6.0763  -4.6944  0  
-6.0763  -4.6679  0  
-6.0763  -4.6338  0  
-6.0763  -4.5922  0  
-6.0763  -4.7252  0  
-6.0763  -4.7135  0  
-6.0763  -4.6944  0  
-6.0763  -4.6679  0  
-6.0763  -4.6338  0  
-6.0763  -4.5922  0  
0.00084498  -0.00010582  -0.00077337  
1.0008  -0.00021642  -0.00023577  
2.0011  -9.2376e-05  -0.00066399  
3.0013  4.1968e-05  -0.0014909  
4.0012  5.2613e-05  -0.00055737  
5.0014  9.7156e-05  -0.0012934  
6.0016  7.1599e-05  -0.00058238  
7.0021  5.3475e-05  -0.00073882  
8.0019  -0.00012071  1.5675e-05  
9.0021  -0.00026994  -0.00030138  
10.002  -0.00049395  0.00051849  
11.001  -0.00041751  -0.00058505  
0.00079675  1.0002  0.00023094  
1.0006  1  0.0013128  
2.0007  1  0.00075879  
3.0014  1.0001  0.00013789  
4.002  1.0001  0.00097299  
5.0015  1.0001  0.00055153  
6.0011  1.0001  0.0010722  
7.0019  1.0001  0.00061113  
8.0018  0.99995  0.00079672  
9.0012  0.99994  0.00022989  
10.001  0.9999  0.00072459  
11  0.99987  0.00062461  
0.00076815  2.001  -0.00064436  
1.0008  2.0007  0.00032646  
2.0008  2.0004  -0.00035905  
3.0017  2.0006  -0.00041791  
4.0008  2.0001  0.00017502  
5.002  2.0004  -0.00049199  
6.0008  2.0002  -3.231e-05  
7.0017  2.0003  -0.0001931  
8.0003  2.0004  8.9727e-05  
9.0009  2.0004  -0.00039647  
10.001  2.0004  -0.00039904  
11  2.0006  -7.8657e-05  
0.00036076  3.0014  -0.00053957  
1.0008  3.0014  0.00045069  
2.0011  3.0012  -0.0001212  
3.0008  3.001  -0.00063858  
4.0014  3.0012  0.0003536  
5.0011  3.0009  -0.00039714  
6.0006  3.0008  0.00029377  
7.0013  3.0008  -0.00024132  
8.0002  3.0007  0.00019498  
9.0001  3.0008  -0.0005125  
10  3.0005  0.0004207  
10.999  3.0009  -0.00067668  
0.00030579  4.0004  0.00043763  
1.0006  4.0005  0.0013098  
2.001  4.0004  0.00066368  
3.0009  4.0001  0.00022023  
4.0006  3.9998  0.0010555  
5.0006  3.9997  0.00047367  
6.0003  3.9996  0.0011277  
7.0006  3.9994  0.00064812  
8.0001  3.9993  0.00087867  
8.9998  3.9992  0.00046831  
9.9991  3.9993  0.00080385  
10.999  3.999  0.00012761  
0.00034552  5.0017  -0.00060292  
1.0004  5.0015  0.00017541  
2.0007  5.0014  -0.0003691  
3.0006  5.0013  -0.0005915  
4.0004  5.0009  0.00015201  
5.0004  5.0007  -0.00080594  
6  5.0004  0.00039869  
7.0003  5.0003  -0.00061241  
7.9996  5.0001  -5.9354e-05  
8.9994  5  -0.00052637  
9.999  4.9997  -0.00024332  
10.998  4.9993  -0.00077524  
0.00023793  6.0021  -0.00048975  
1.0001  6.0018  0.00014266  
2.0004  6.0015  -0.00033605  
3.0007  6.001  -0.00050678  
4.0004  6.0009  -6.387e-06  
5  6.0008  -0.00021959  
5.9995  6.0005  2.5507e-05  
7.0001  6.0003  -0.0004248  
7.9993  6.0001  0.00017151  
8.9989  5.9998  -0.00034297  
9.9984  5.9995  -8.9155e-05  
10.998  5.9992  -0.0005392  
0.00012082  7.0006  0.00022814  
0.99971  7.0007  0.00071335  
2.0004  7.0002  0.00010399  
3.0001  7.0002  -0.00015219  
3.9997  6.9999  0.00065732  
5.0002  6.9996  0.00011578  
5.999  6.9993  0.00060001  
6.9999  6.999  0.00013641  
7.9984  6.9985  0.00093747  
8.9986  6.9984  -0.00048318  
9.9983  6.9981  0.00053921  
10.997  6.9974  0.00017611  
0.00011543  8.0008  -0.00038248  
0.99942  8.0009  0.00019268  
2.0003  8.0005  -0.00015935  
2.9996  8.0004  -0.00070737  
3.9996  8  0.00021742  
5  7.9998  -0.00057585  
5.9987  7.9994  -2.042e-05  
6.9996  7.999  -0.00034861  
7.9982  7.9987  -6.613e-05  
8.9982  7.9983  -0.00023064  
9.9978  7.9978  -0.00061184  
10.997  7.9976  -0.00011575  
129.714219197183 0 0
129.574527680753 0 0
1223.771584400860 0 0
1022.703544637807 0 0
-0.000009708083 0 0
-0.000000136194 0 0
-0.000001860297 0 0
-0.001522387950 0 0
0.000000001522 0 0
